99
1 0.8593175
2 0.9861314
3 1.184175
5 0.8068653
6 0.7914739
7 1.182016
8 0.70379
9 1.04034
10 1.049544
11 1.002349
12 0.9176397
15 0.8521751
16 1.328035
18 1.221649
19 0.9802474
20 0.909233
21 0.7315008
22 1.245457
23 1.429183
24 1.076725
25 0.7939783
26 0.9649686
27 1.250886
28 1.445934
29 1.142963
30 1.114211
31 0.927374
33 1.428007
34 1.104292
35 1.165932
36 1.101437
39 0.8311386
40 1.033462
42 0.8597915
43 1.06983
44 0.9341177
45 0.6084184
46 1.1931
48 1.301254
50 0.7767575
51 0.9495184
52 0.981204
53 0.9120928
56 1.025494
57 0.734455
59 1.383332
60 1.207406
61 1.211017
62 0.9963748
63 0.7017782
64 1.464802
65 1.063307
66 1.028481
67 0.8163519
68 1.078504
69 0.6628581
70 1.048478
71 1.360693
72 0.8057107
73 0.9117411
74 0.6962309
75 1.066536
76 1.396126
77 1.115378
78 1.22478
79 1.081215
80 0.8547146
81 1.275388
82 1.196871
83 0.9859199
84 1.244513
85 1.460973
86 1.062116
87 0.9580431
88 1.217465
89 0.8143604
90 0.5031967
91 0.6408007
92 0.6118652
95 0.5289056
96 0.1910279
97 0.6257725
98 0.2752295
99 0.0756972